
                       1 20183472                                   8.5 
                       2 20183473                                     8 
                       3 20180010                                     8 
                      4  20183475                                   3.5 
                       5 20183476                                     8 
                       6 20183480                                   7.5 
                       7 20183481                                     9 
                       8 20183482                                     7 
                       9 20183483                                     6 
                      10 20183486                                     8 
                      11 20183489                                     8 
                      12 20183490                                   6.5 
                      13 20180032                                     9 
                      14 20183492                                   7.5 
                      15 20181057               0 
                      16 20183496                                   8.5 
                      17 20183498                                   6.5 
                      18 20183499                                     9 
                      19 20183500                                   9.5 
                      20 20183501                                     7 
                      21 20183504                                     7 
                      22 20183505               0 
                      23 20183896                                   8.5 
                      24 20183506                                   6.5 
                      25 20183511                                   8.5 
                      26 20183513                                   6.5 
                      27 20183907                                     5 
                      28 20180068               0 
                      29 20183517                                     5 
                      30 20183519                                   9.5 
                      31 20183520                                     8 
                      32 20183521                                   7.5 
                      33 20181061                                   4.5 
                      34 20183522                                     9 
                      35 20183523                                   6.5 
                      36 20183524                                     8 
                      37 20183525                                   9.5 
                      38 20183526                                   5.5 
                      39 20183527                                     7 
                     40  20164930               0 
                     41  20181062                                     2 
                     42  20183740                                   5.5 
                     43  20183532                                   7.5 
                     44  20183533                                     7 
                     45  20183536                                     9 
                     46  20181063                                   6.5 
                     47  20183539                                   5.5 
                     48  20173126                                     7 
    49  20183540                                      8 
     50 20183541                                      8 
     51 20183544                                      4 
     52 20183547                                      8 
     53 20183548                                    6.5 
     54 20183551                                      9 
     55 20183555                                    8.5 
     56 20183556                                      7 
     57 20183557                                    7.5 
     58 20183559                                      9 
     59 20183561                                      7 
     60 20183562                                      8 
     61 20183565                                    7.5 
     62 20183566                                      7 
     63 20183567                                    4.5 
     64 20183571                                    9.5 
     65 20173216               0 
