                       1 20183677               0 
                       2 20175620                                     4 
                       3 20183681                                     9 
                      4  20180012                                   6.5 
                       5 20175619                                     6 
                       6 20183687                                   6.5 
                       7 20183688                                     9 
                       8 20183869                                     7 
                       9 20183694                                     9 
                      10 20183696                                   8.5 
                      11 20183698                                     8 
                      12 20183880                                   8.5 
                      13 20183701                                     8 
                      14 20183702                                     8 
                      15 20183703                                   5.5 
                      16 20183704                                   7.5 
                      17 20183707                                   8.5 
                      18 20183708                                   8.5 
                      19 20183710                                   8.5 
                      20 20183711                                   7.5 
                      21 20183890                                   4.5 
                      22 20183713                                     7 
                      23 20183714                                     7 
                      24 20183715                                   8.5 
                      25 20183716                                   7.5 
                      26 20183717                                   8.5 
                      27 20183718                                     5 
                      28 20183719                                     7 
                      29 20183720                                   7.5 
                      30 20183721                                     8 
                      31 20183723                                     8 
                      32 20183726                                     7 
                      33 20183727                                   5.5 
                      34 20180067                                   8.5 
                      35 20183516                                   9.5 
                      36 20183730                                   8.5 
                      37 20183731                                   8.5 
                      38 20183733                                   7.5 
                      39 20183737                                     6 
                     40  20183738                                   8.5 
                     41  20173106                                   6.5 
                     42  20183743                                     8 
                     43  20183744                                     9 
                     44  20183745                                     9 
                     45  20183746                                   7.5 
                     46  20183747                                   7.5 
                     47  20183922                                     7 
                     48  20183748                                   9.5
    49  20183749                                    7.5 
     50 20183753                                      9 
     51 20183754                                      5 
     52 20183756                                      7 
     53 20183757                                    4.5 
     54 20183759                                    9.5 
     55 20183760                                      9 
     56 20183928                                    8.5 
     57 20183766                                      7 
     58 20180099                                    9.5 
     59 20183553                                    9.5 
     60 20183767                                    8.5 
     61 20183768                                      9 
     62 20183771                                      6 
     63 20183772                                      6 
     64 20183776                                    4.5 
     65 20183777                                    7.5 
