
                       1 20167982               0
                       2 20183773                                   7.5 
                       3 20183779                                     6 
                      4  20183780                                     4 
                       5 20173220                                   7.5 
                       6 20183939                                     5 
                       7 20183783                                   4.5 
                       8 20183784                                     9 
                       9 20183785                                   3.5 
                      10 20164968               0 
                      11 20183786                                     4 
                      12 20183788                                   7.5 
                      13 20183581                                   8.5 
                      14 20183790                                   6.5 
                      15 20183793                                     4 
                      16 20173255                                   9.5 
                      17 20183796                                     6 
                      18 20183798                                   7.5 
                      19 20183800                                     5 
                      20 20183801                                     8 
                      21 20183802                                     8 
                      22 20183803                                   4.5 
                      23 20183804                                     3 
                      24 20152593                                     4 
                      25 20175647                                     4 
                      26 20183806                                   7.5 
                      27 20183965                                   9.5 
                      28 20173306                                   7.5 
                      29 20183809                                     9 
                      30 20183610                                     9 
                      31 20183613                                   5.5 
                      32 20183813                                   5.5 
                      33 20183815                                   3.5 
                      34 20183816                                   6.5 
                      35 20183819                                   8.5 
                      36 20183821                                     3 
                      37 20183622                                     6 
                      38 20183823                                     8 
                      39 20183824                                     8 
                     40  20183980                                     8 
                     41  20183825                                     8 
                     42  20183826                                   7.5 
                     43  20183827                                   7.5 
                     44  20183984                                     9 
                     45  20183829                                     5 
                     46  20183832                                     6 
                     47  20183835                                     4 
                     48  20183991                                   8.5 
    49  20163911               0 
     50 20183839                                      8 
     51 20183841                                    5.5 
     52 20183842                                    7.5 
     53 20183843                                      8 
     54 20183844                                      7 
     55 20183845                                      3 
     56 20183846                                      6 
     57 20183847                                    8.5 
     58 20183849                                      9 
     59 20183850                                      8 
     60 20183851                                      7 
     61 20183852                                    6.5 
     62 20183855                                      6 
     63 20184015                                      7 
     64 20183857                                    7.5 
     65 20183859                                      9 
     66 20183861                                      6 
