                       1 20183572                                     9 
                       2 20183576                                     8 
                       3 20183582                                     9 
                      4  20183584                                     8 
                       5 20183951                                     9 
                       6 20183587                                   8.5 
                       7 20181067                                   6.5 
                       8 20180135                                   8.5 
                       9 20183590                                     4 
                      10 20183591                                   4.5 
                      11 20183592                                     5 
                      12 20183593                                     8 
                      13 20180138                                   8.5 
                      14 20165418               0 
                      15 20183595                                     8 
                      16 20183596                                     7 
                      17 20183597                                   5.5 
                      18 20183598                                   7.5 
                      19 20183599                                   9.5 
                      20 20183600                                     8 
                      21 20183604                                     9 
                      22 20180281               0 
                      23 20183607                                   7.5 
                      24 20183608                                   8.5 
                      25 20183609                                   9.5 
                      26 20183616                                     8 
                      27 20183619                                   3.5 
                      28 20183620                                     9 
                      29 20183621                                     8 
                      30 20183623                                   7.5 
                      31 20183626                                   7.5 
                      32 20183627                                     6 
                      33 20183628                                   7.5 
                      34 20183629                                   8.5 
                      35 20183630                                   8.5 
                      36 20183631                                   7.5 
                      37 20183990                                     7 
                      38 20183633                                   7.5 
                      39 20183634                                     3 
                     40  20183635                                     6 
                     41  20183637                                     7 
                     42  20183638                                   7.5 
                     43  20183639                                     9 
                     44  20183642                                   6.5 
                     45  20183645                                     8 
                     46  20183646                                   8.5 
                     47  20183647                                   9.5 
                     48  20183649                                   9.5 
    49  20183650                                      8 
     50 20183652                                    6.5 
     51 20183653                                    7.5 
     52 20183655                                    8.5 
     53 20183656                                      9 
     54 20183657                                    5.5 
     55 20184010                                    8.5 
     56 20183662                                      9 
     57 20184012                                      7 
     58 20183664                                      7 
     59 20183670                                    7.5 
     60 20181073                                    5.5 
     61 20183671                                    6.5 
     62 20183672                                    5.5 
     63 20183673               0 
     64 20183674                                      8 
     65 20183676                                    7.5 
